000123456720251000001500000180000.50
000123456720251000000950000065000.25
000987654320251000001200000082500.50
110651439220251000001000000070000.75
100234567820251000001300000084000.25
1002345679202510000017000000115000.00
100234568020251000000850000056000.25
100234568120251000001150000074000.75
1002345682202510000019000000123000.50
100234568320251000001050000068000.25
1002345684202510000016000000104000.00
100234568520251000001400000091000.75
1002345686202510000020000000130000.25
100234568720251000000750000049000.50
100234568820251000001350000088000.25
100234568920251000001250000081000.75
1002345690202510000018000000117000.00
100234569120251000001000000065000.25
1002345692202510000017000000115000.75
100234569320251000000950000061000.25
1002345694202510000015000000100000.00
100234569520251000001300000085000.25
1002345696202510000016000000104000.75
100234569720251000000900000057000.25
100234569820251000001400000092000.00
100234569920251000001100000072000.50
1002345700202510000017000000115000.75
100234570120251000001250000080000.00
100234570220251000000850000055000.25
1002345703202510000019000000123000.00
100234570420251000001000000066000.25
100234570520251000001350000089000.75
100234570620251000001150000073000.25
1002345707202510000018000000117000.00
100234570820251000000950000060000.50
1002345709202510000016000000104000.25
100234571020251000001400000091000.00
100234571120251000001050000068000.25
1002345712202510000017000000115000.75
100234571320251000001200000082000.25
100234571420251000001000000067000.00
1002345715202510000015000000100000.25
100234571620251000000800000052000.75
100234571720251000001100000071000.50
100234571820251000001350000088000.25
1002345719202510000016000000104000.75
1002345720202510000019000000123000.25
100234572120251000000950000061000.50
100234572220251000001250000081000.25
100234572320251000001150000075000.00
1002345724202510000018000000117000.50
100234572520251000001000000065000.75
100234572620251000001400000092000.25
100234572720251000000850000055000.50
1002345728202510000016000000104000.00
100234572920251000001300000086000.25
100234573020251000001100000072000.75
1002345731202510000015000000100000.50
100234573220251000001000000066000.00
1002345733202510000017000000115000.25
100234573420251000000900000058000.50
100234573520251000001250000080000.25
1002345736202510000018000000117000.75
100234573720251000001150000073000.25
100234573820251000001000000065000.00
1002345739202510000016000000104000.50
100234574020251000001400000090000.75
100234574120251000001200000083000.00
100234574220251000001050000069000.25
1002345743202510000015000000100000.00
100234574420251000000950000061000.25
1002345745202510000018000000117000.50
100234574620251000001250000081000.75
100234574720251000001400000091000.25
1002345748202510000016000000104000.00
100234574920251000001100000070000.50
100234575020251000001350000088000.25
1002345751202510000019000000123000.75
1002345752202510000015000000100000.25
100234575320251000000850000056000.00
100234575420251000001250000081000.50
1002345755202510000017000000115000.25
100234575620251000001000000066000.75
100234575720251000001300000085000.25
1002345758202510000018000000117000.50
100234575920251000001400000091000.25
100234576020251000001050000067000.75
1002345761202510000019000000123000.00
100234576220251000000900000058000.25
1002345763202510000016000000104000.75
100234576420251000001200000083000.25
100234576520251000001000000066000.00
100234576620251000001350000088000.50
1002345767202510000015000000100000.25
100234576820251000001150000074000.25
1002345769202510000018000000117000.50
100234577020251000001000000066000.25
100234577120251000001250000080000.75
1002345772202510000016000000104000.25
100234577320251000001350000089000.00
1002345774202510000017000000115000.25
100234577520251000001400000091000.50
100234577620251000001000000066000.75
1002345777202510000019000000123000.25
100234577820251000001150000073000.25
1002345779202510000015000000100000.50
1002345780202510000018000000117000.00